   4.3746333e+00   3.1978682e+01   4.4585176e-01   1.0091040e+00   1.5388407e+00
   6.2436313e+00   3.1656049e+01   5.0518295e-01   1.9644127e+00   1.4203967e+00
   1.1284395e+00   3.1582505e+01   5.1351832e-01   1.5028990e+00   1.1846630e+00
   6.2473854e+00   3.0514538e+01   1.0242818e+00   1.2649467e+00   1.8744853e+00
   5.7680480e+00   3.0450782e+01   1.0308639e+00   1.8127938e+00   1.3444490e+00
   4.4162787e+00   2.9945386e+01   1.0250549e+00   1.4292127e+00   1.2641232e+00
   5.0164442e+00   2.9555272e+01   1.0297426e+00   1.1312111e+00   1.2102173e+00
   3.8121267e+00   2.9065881e+01   1.0911094e+00   1.1281296e+00   1.1418028e+00
   3.7514103e+00   2.8820785e+01   1.3870144e+00   1.7590934e+00   1.3017621e+00
   3.8506432e+00   2.8665833e+01   1.5125850e+00   1.4039349e+00   9.9498154e-01
   3.7456237e+00   2.8447358e+01   7.3528351e-01   9.5036672e-01   1.6883162e+00
   3.6123243e+00   2.8110256e+01   5.1489256e-01   9.7513993e-01   1.3236454e+00
   3.7030832e+00   2.8003841e+01   3.4688496e-01   1.1725183e+00   1.0540462e+00
   3.8322295e+00   2.7697006e+01   6.6573577e-01   1.1350031e+00   8.5815624e-01
   3.7895253e+00   2.7420884e+01   1.9438147e-01   1.2714844e+00   8.2346641e-01
   3.6764288e+00   2.7356175e+01   1.3052262e+00   7.4666715e-01   1.0902860e+00
   3.6557207e+00   2.7060146e+01   4.6228730e-01   1.3212682e+00   4.5882102e-01
   3.5609423e+00   2.6827359e+01   1.4950223e+00   1.7992798e+00   1.3286624e+00
   3.5307592e+00   2.6593335e+01   6.0907781e-02   1.1392221e+00   1.6340122e+00
   3.6274401e+00   2.6285549e+01   3.6183796e-01   1.7570165e+00   1.1928367e+00
   3.7936100e+00   2.6039279e+01   4.2076390e-01   1.1827260e+00   1.9138943e+00
   3.6274895e+00   2.5778124e+01   4.4585176e-01   1.0091040e+00   1.5388407e+00
   3.7842326e+00   2.5439275e+01   5.0518295e-01   1.9644127e+00   1.4203967e+00
   3.4717686e+00   2.5266566e+01   5.1351832e-01   1.5028990e+00   1.1846630e+00
   3.4883206e+00   2.5120736e+01   1.0242818e+00   1.2649467e+00   1.8744853e+00
   3.1867136e+00   2.4875824e+01   1.0308639e+00   1.8127938e+00   1.3444490e+00
   3.2010711e+00   2.4825911e+01   1.0250549e+00   1.4292127e+00   1.2641232e+00
   3.1552322e+00   2.4654802e+01   1.0297426e+00   1.1312111e+00   1.2102173e+00
   3.1737440e+00   2.4337558e+01   1.0578162e+00   1.5484145e+00   1.3691806e+00
   2.9530634e+00   2.4134195e+01   1.0911094e+00   1.1281296e+00   1.1418028e+00
   2.9154372e+00   2.3981851e+01   1.3870144e+00   1.7590934e+00   1.3017621e+00
   2.8841695e+00   2.3766794e+01   1.5125850e+00   1.4039349e+00   9.9498154e-01
   2.7811628e+00   2.3609332e+01   7.3528351e-01   9.5036672e-01   1.6883162e+00
   2.8331859e+00   2.3531840e+01   5.1489256e-01   9.7513993e-01   1.3236454e+00
   2.8613526e+00   2.3289340e+01   3.4688496e-01   1.1725183e+00   1.0540462e+00
   2.6925808e+00   2.3032862e+01   6.6573577e-01   1.1350031e+00   8.5815624e-01
   2.7162032e+00   2.2865172e+01   1.9438147e-01   1.2714844e+00   8.2346641e-01
   2.7570503e+00   2.2574306e+01   1.3052262e+00   7.4666715e-01   1.0902860e+00
   2.6266326e+00   2.2581965e+01   1.3908105e+00   7.2579951e-01   1.1068904e+00
   2.5006516e+00   2.2304130e+01   1.2148536e+00   8.8321697e-01   1.0250172e+00
   2.5138714e+00   2.2229671e+01   4.4575779e-01   9.0914652e-01   8.1840159e-01
   2.4811323e+00   2.1998084e+01   7.0486959e-01   9.4323005e-01   6.4448342e-01
   2.5513269e+00   2.1832263e+01   7.4401711e-01   9.5557508e-01   5.0743277e-01
   2.4812239e+00   2.1553137e+01   5.3313245e-01   1.1579795e+00   4.7332781e-01
   2.4570935e+00   2.1335382e+01   4.6228730e-01   1.3212682e+00   4.5882102e-01
   2.3118463e+00   2.1290639e+01   3.0751109e-01   1.2121106e+00   5.2974034e-01
   2.3256389e+00   2.1084392e+01   3.7463107e-01   9.6257168e-01   5.1492055e-01
   2.2214611e+00   2.0952764e+01   1.4061269e+00   7.0712533e-01   1.2008204e+00
   2.2937400e+00   2.0857067e+01   1.5344181e+00   9.4852331e-01   1.0723435e+00
   2.2711123e+00   2.0645530e+01   5.8616411e-01   8.9041958e-01   8.9868934e-01
   2.1513811e+00   2.0492146e+01   1.4876573e+00   1.0034548e+00   7.7249684e-01
   2.2690881e+00   2.0353426e+01   1.2708837e-01   5.9129820e-01   1.1436982e+00
   2.1494346e+00   2.0205489e+01   3.2458733e-02   9.8251143e-01   1.8296892e+00
   2.0788466e+00   1.9908191e+01   2.1133906e-02   8.5873064e-01   1.4361435e+00
   1.9982416e+00   1.9824977e+01   2.0476676e-02   1.1807087e+00   1.9104964e+00
   1.9559916e+00   1.9602124e+01   2.0959481e-02   1.1216781e+00   1.4317280e+00
   1.8769079e+00   1.9367864e+01   2.0338898e-02   9.0413967e-01   1.5637349e+00
   1.8691015e+00   1.9203555e+01   1.7667957e-02   9.3964103e-01   1.0100452e+00
   1.7387343e+00   1.8913442e+01   2.9576089e-02   8.9430825e-01   1.4529556e+00
   1.5761228e+00   1.8714287e+01   2.6424985e-02   9.1619327e-01   1.8313862e+00
   1.6093276e+00   1.8553445e+01   2.4255470e-02   8.5461192e-01   1.6067122e+00
   1.6304439e+00   1.8576720e+01   9.6471720e-03   1.3743514e+00   1.6195067e+00
   1.5891006e+00   1.8422863e+01   1.5023482e-02   1.2425096e+00   1.5797873e+00
   1.4765856e+00   1.8248806e+01   1.4866991e-02   1.2839932e+00   1.3332487e+00
   1.5120896e+00   1.8046546e+01   1.4583876e-02   1.0947445e+00   1.8022403e+00
   1.4428906e+00   1.7958208e+01   1.5313698e+00   1.2437882e+00   8.8868959e-01
   1.2979048e+00   1.7651695e+01   1.5326279e+00   1.1080784e+00   7.7824838e-01
   1.1726424e+00   1.7553922e+01   1.4788061e+00   1.7179978e+00   8.6623227e-01
   1.0911543e+00   1.7401278e+01   1.4959379e+00   1.2256578e+00   6.6726904e-01
   1.1444014e+00   1.7282319e+01   1.5213823e+00   1.2603025e+00   6.0513275e-01
   1.1368862e+00   1.7096248e+01   1.5220072e+00   1.1833091e+00   6.7723111e-01
   1.1666086e+00   1.6867373e+01   1.5240922e+00   1.5461714e+00   7.5853043e-01
   1.1486351e+00   1.6791645e+01   1.5242378e+00   1.1806800e+00   6.0921196e-01
   9.6259755e-01   1.6615670e+01   1.5247387e+00   1.7912021e+00   4.1925081e-01
   9.6855771e-01   1.6352652e+01   1.5246963e+00   1.6465357e+00   3.8731475e-01
   7.9461788e-01   1.6215503e+01   1.5271095e+00   1.0276980e+00   3.4330880e-01
   8.6394732e-01   1.6132691e+01   1.5271890e+00   1.7658152e+00   3.5676181e-01
   6.4627674e-01   1.5813658e+01   1.5288047e+00   1.1063883e+00   5.1891119e-01
   6.8502812e-01   1.5628242e+01   1.5334152e+00   1.2031681e+00   7.9647930e-01
   5.4578425e-01   1.5386128e+01   1.5375717e+00   1.7810462e+00   7.2270130e-01
   6.0654604e-01   1.5164495e+01   1.5380007e+00   1.1029951e+00   7.1895987e-01
   5.0487773e-01   1.4834186e+01   1.5487581e+00   1.6386314e+00   6.9516195e-01
   4.0634816e-01   1.4671317e+01   1.5099006e+00   1.0571575e+00   7.3574411e-01
   3.0937658e-01   1.4533049e+01   1.4275586e+00   1.9141378e+00   9.4327800e-01
   2.7214773e-01   1.4278836e+01   1.5263509e+00   1.6436540e+00   8.6750927e-01
   2.7759208e-01   1.4071744e+01   1.6440408e-01   9.5330981e-01   1.4245465e+00
   9.9048045e-02   1.3898097e+01   1.5365859e+00   1.2611727e+00   7.1683569e-01
   9.2277175e-03   1.3647866e+01   1.5197789e+00   1.1945284e+00   7.3455265e-01
   6.8692587e-02   1.3516220e+01   8.7642527e-02   5.9002204e-01   1.2200937e+00
   1.4908933e-02   1.3263693e+01   1.5093845e-01   5.2902715e-01   1.3701418e+00
  -1.0523884e-01   1.3154701e+01   1.4819461e-01   5.2777775e-01   1.4903089e+00
  -1.5085081e-01   1.2875420e+01   8.2261044e-02   5.3697238e-01   1.1395090e+00
  -2.3089060e-01   1.2757987e+01   7.4624826e-02   5.9237426e-01   1.8869317e+00
  -1.5998516e-01   1.2649031e+01   7.4476202e-02   1.1374054e+00   1.7351068e+00
  -3.1174146e-01   1.2466964e+01   7.4206010e-02   9.7657187e-01   1.2413056e+00
  -2.5656842e-01   1.2359328e+01   7.4041618e-02   8.8617549e-01   1.1324363e+00
  -4.8401226e-01   1.2247139e+01   7.3673551e-02   7.5817064e-01   1.3429887e+00
  -5.3527580e-01   1.2083648e+01   7.2917548e-02   7.1346152e-01   1.6650306e+00
  -5.6159391e-01   1.1855179e+01   9.3827338e-02   6.2503119e-01   1.0903115e+00
  -5.3802985e-01   1.1698834e+01   1.3888324e-01   6.0528695e-01   1.4507873e+00
  -5.6755285e-01   1.1538617e+01   1.0388047e-01   5.7908696e-01   1.3369146e+00
  -7.1472437e-01   1.1525582e+01   1.1360483e-01   4.5615381e-01   1.0424632e+00
  -6.6966251e-01   1.1370203e+01   1.3061313e-01   6.3827766e-01   1.8577845e+00
  -7.1640241e-01   1.1191429e+01   2.4727344e-01   7.6555558e-01   1.5397085e+00
  -9.3400705e-01   1.1025207e+01   2.9628243e-01   1.0084231e+00   1.4834447e+00
  -1.0175200e+00   1.0793572e+01   1.3840179e-01   9.0635612e-01   1.4909760e+00
  -9.8429391e-01   1.0665128e+01   1.5124435e+00   1.7153374e+00   6.6987761e-01
  -1.0306371e+00   1.0624295e+01   1.4943755e+00   1.7909169e+00   6.2538943e-01
  -1.0883866e+00   1.0502188e+01   1.5534024e+00   1.6872475e+00   6.0953383e-01
  -1.1176929e+00   1.0350956e+01   1.5358583e+00   1.8473768e+00   7.1980674e-01
  -1.3412219e+00   1.0213254e+01   1.5230872e+00   1.6451324e+00   6.6770569e-01
  -1.4235166e+00   1.0193617e+01   1.4274280e+00   1.7138815e+00   6.5492633e-01
  -1.3320110e+00   1.0171246e+01   1.4334288e+00   1.7294529e+00   4.7413785e-01
  -1.4308203e+00   9.9696574e+00   1.4346376e+00   1.6084319e+00   4.8921506e-01
  -1.5393254e+00   9.9705502e+00   1.3466054e-02   4.2724959e-01   1.6263725e+00
  -1.5713452e+00   9.7846155e+00   1.4783608e+00   1.8107319e+00   4.5270528e-01
  -1.5273906e+00   9.5988706e+00   1.5151416e+00   1.0303654e+00   3.8694970e-01
  -1.6636928e+00   9.6014650e+00   1.5271085e+00   1.0550060e+00   4.1360835e-01
  -1.7862800e+00   9.4605134e+00   1.4308369e+00   1.0188168e+00   4.5895294e-01
  -1.7368538e+00   9.3297139e+00   1.3933660e+00   1.8152645e+00   4.3034735e-01
  -1.8096138e+00   9.2892939e+00   1.4166589e+00   1.8448641e+00   4.4539043e-01
  -1.8842112e+00   9.2410457e+00   1.3371397e-02   7.4115111e-01   1.7919993e+00
  -1.8412759e+00   9.1089327e+00   1.0786113e+00   1.3078830e+00   8.7313111e-01
  -2.0149255e+00   9.0497261e+00   1.0989677e+00   1.5956063e+00   9.0118673e-01
  -1.9159843e+00   8.9497869e+00   1.1297272e+00   1.2376849e+00   1.0594830e+00
  -2.0139302e+00   8.8709088e+00   1.1270234e+00   1.6501028e+00   1.0277995e+00
  -2.1682632e+00   8.7846638e+00   1.1896768e+00   1.2353090e+00   1.0548271e+00
  -2.1346984e+00   8.7013649e+00   1.2234320e+00   1.2527051e+00   9.2238398e-01
  -2.1258009e+00   8.6339661e+00   1.4482231e+00   1.0677333e+00   8.6745138e-01
  -2.1749007e+00   8.5133733e+00   1.4884221e+00   1.8670151e+00   7.3130569e-01
  -2.2600974e+00   8.4575835e+00   1.5602995e+00   1.7914858e+00   5.9351136e-01
  -2.3472986e+00   8.4148057e+00   1.5132677e+00   1.9958711e+00   5.2847655e-01
  -2.4007508e+00   8.2187269e+00   1.5222574e+00   1.9701082e+00   4.9511337e-01
  -2.3897259e+00   8.1312028e+00   1.5562568e+00   1.9943173e+00   6.6718953e-01
  -2.4124003e+00   8.1261523e+00   1.5439245e+00   1.8727772e+00   6.8557393e-01
  -2.4563940e+00   8.0833155e+00   1.4732019e+00   1.6238673e+00   8.6825268e-01
  -2.4820449e+00   7.9802164e+00   1.5051720e+00   1.6621986e+00   8.8880147e-01
  -2.5349888e+00   7.8550609e+00   1.5051684e+00   1.5390385e+00   8.3666059e-01
  -2.5648167e+00   7.7716056e+00   1.5052084e+00   1.4289191e+00   7.8623305e-01
  -2.6716025e+00   7.5098321e+00   1.5052258e+00   1.1585282e+00   6.8672362e-01
  -2.7603309e+00   7.5365774e+00   1.5051104e+00   1.0843794e+00   6.7014117e-01
  -2.6882631e+00   7.3964582e+00   1.5051674e+00   1.6504279e+00   6.3043819e-01
  -2.7144051e+00   7.3096210e+00   1.5053731e+00   1.3494034e+00   5.0155447e-01
  -2.6398892e+00   7.1663675e+00   1.5054480e+00   1.8704862e+00   3.4470916e-01
  -2.7022990e+00   7.2086563e+00   1.5051914e+00   1.2891658e+00   3.0922065e-01
  -2.9239630e+00   7.0744953e+00   1.5021015e+00   1.3254319e+00   4.9628828e-01
  -2.9797650e+00   6.9618678e+00   1.5007273e+00   1.8588005e+00   4.5280741e-01
  -2.8362407e+00   6.9298497e+00   1.5090962e+00   1.3326322e+00   4.4555497e-01
