  -5.9327233e+00   4.0352433e+01   1.3466054e-02   4.2724959e-01   1.6263725e+00
  -8.5445343e+00   3.9781287e+01   1.1360483e-01   4.5615381e-01   1.0424632e+00
  -1.5935483e+00   3.9960117e+01   6.3627003e-02   4.7727621e-01   1.8594612e+00
  -8.3613707e+00   3.8362190e+01   1.0317274e-01   4.7769748e-01   1.8041368e+00
  -7.8541672e+00   3.8415621e+01   4.6228730e-01   4.9094124e-01   1.9709779e+00
  -6.0487603e+00   3.7653507e+01   1.0297426e+00   4.9094124e-01   8.9868934e-01
  -6.7320962e+00   3.7320699e+01   1.2816958e-02   4.9094124e-01   1.9709779e+00
  -5.1925560e+00   3.6744174e+01   4.6261380e-02   4.9768557e-01   1.9367069e+00
  -5.1328372e+00   3.6414898e+01   8.9333757e-02   5.2142572e-01   1.9221928e+00
  -5.1990772e+00   3.6064423e+01   1.4819461e-01   5.2777775e-01   1.4903089e+00
  -5.1463502e+00   3.5815877e+01   1.5093845e-01   5.2902715e-01   1.3701418e+00
  -5.0829133e+00   3.5632542e+01   7.0486959e-01   5.3697238e-01   1.1395090e+00
  -5.0463454e+00   3.5336092e+01   8.2261044e-02   5.3697238e-01   1.1395090e+00
  -5.1440133e+00   3.5055151e+01   3.4112590e-02   5.7312273e-01   1.5164117e+00
  -5.0354717e+00   3.4734270e+01   1.0388047e-01   5.7908696e-01   1.3369146e+00
  -5.1372548e+00   3.4424110e+01   5.3313245e-01   5.8151539e-01   1.0531806e+00
  -4.9983779e+00   3.4200858e+01   4.8931706e-02   5.8151539e-01   1.0531806e+00
  -4.9533168e+00   3.4016400e+01   8.7642527e-02   5.9002204e-01   1.2200937e+00
  -4.8845108e+00   3.3626402e+01   1.2708837e-01   5.9129820e-01   1.1436982e+00
  -4.9625460e+00   3.3185552e+01   7.4401711e-01   5.9237426e-01   1.8869317e+00
  -5.0473410e+00   3.2921744e+01   7.4624826e-02   5.9237426e-01   1.8869317e+00
  -5.0053058e+00   3.2612901e+01   1.3888324e-01   6.0528695e-01   1.4507873e+00
  -5.0483151e+00   3.2295950e+01   9.3827338e-02   6.2503119e-01   1.0903115e+00
  -4.8070791e+00   3.2019485e+01   1.3061313e-01   6.3827766e-01   1.8577845e+00
  -4.6171017e+00   3.1735411e+01   2.1741654e-02   6.7015816e-01   1.9967467e+00
  -4.5234790e+00   3.1602914e+01   1.4061269e+00   7.0712533e-01   1.2008204e+00
  -4.3735413e+00   3.1255724e+01   7.2917548e-02   7.1346152e-01   1.6650306e+00
  -4.2346087e+00   3.0981747e+01   3.4688496e-01   7.2579951e-01   1.1068904e+00
  -4.2618119e+00   3.0809385e+01   3.0751109e-01   7.2579951e-01   1.1068904e+00
  -4.1594041e+00   3.0500245e+01   1.3908105e+00   7.2579951e-01   1.1068904e+00
  -4.0599454e+00   3.0353982e+01   1.3371397e-02   7.4115111e-01   1.7919993e+00
  -3.9677656e+00   3.0199676e+01   1.3052262e+00   7.4666715e-01   1.0902860e+00
  -3.9455625e+00   2.9997522e+01   7.3673551e-02   7.5817064e-01   1.3429887e+00
  -3.7813545e+00   2.9744668e+01   2.4727344e-01   7.6555558e-01   1.5397085e+00
  -3.8924388e+00   2.9599959e+01   2.4255470e-02   8.5461192e-01   1.6067122e+00
  -3.8187009e+00   2.9304442e+01   2.1133906e-02   8.5873064e-01   1.4361435e+00
  -3.7713083e+00   2.8905226e+01   1.2148536e+00   8.8321697e-01   1.0250172e+00
  -3.7432012e+00   2.8669469e+01   7.4041618e-02   8.8617549e-01   1.1324363e+00
  -3.6300158e+00   2.8387220e+01   1.9438147e-01   8.9041958e-01   8.9868934e-01
  -3.4727645e+00   2.8239274e+01   5.8616411e-01   8.9041958e-01   8.9868934e-01
  -3.4984529e+00   2.8032629e+01   2.9576089e-02   8.9430825e-01   1.4529556e+00
  -3.4045026e+00   2.7766143e+01   2.0338898e-02   9.0413967e-01   1.5637349e+00
  -3.2940435e+00   2.7649769e+01   1.3840179e-01   9.0635612e-01   1.4909760e+00
  -3.2735495e+00   2.7380064e+01   4.4575779e-01   9.0914652e-01   8.1840159e-01
  -3.3156804e+00   2.7112801e+01   2.6424985e-02   9.1619327e-01   1.8313862e+00
  -3.2278579e+00   2.6912673e+01   1.7667957e-02   9.3964103e-01   1.0100452e+00
  -3.2178775e+00   2.6674905e+01   7.0486959e-01   9.4323005e-01   6.4448342e-01
  -3.1328048e+00   2.6484660e+01   1.5344181e+00   9.4852331e-01   1.0723435e+00
  -3.0896749e+00   2.6444295e+01   7.3528351e-01   9.5036672e-01   1.6883162e+00
  -3.1821246e+00   2.6186804e+01   1.6440408e-01   9.5330981e-01   1.4245465e+00
  -3.1246562e+00   2.6049804e+01   7.4401711e-01   9.5557508e-01   5.0743277e-01
  -2.8694422e+00   2.5718022e+01   3.7463107e-01   9.6257168e-01   5.1492055e-01
  -2.8312590e+00   2.5463511e+01   6.6573577e-01   9.7513993e-01   1.3236454e+00
  -2.7004255e+00   2.5340494e+01   5.1489256e-01   9.7513993e-01   1.3236454e+00
  -2.6776896e+00   2.5114129e+01   7.4206010e-02   9.7657187e-01   1.2413056e+00
  -2.5525290e+00   2.4815476e+01   3.2458733e-02   9.8251143e-01   1.8296892e+00
  -2.6530581e+00   2.4487002e+01   1.4876573e+00   1.0034548e+00   7.7249684e-01
  -2.5929949e+00   2.4204880e+01   2.9628243e-01   1.0084231e+00   1.4834447e+00
  -2.4644108e+00   2.4022452e+01   4.4585176e-01   1.0091040e+00   1.5388407e+00
  -2.1960012e+00   2.3737469e+01   4.4585176e-01   1.0091040e+00   1.5388407e+00
  -2.1979706e+00   2.3690233e+01   1.4308369e+00   1.0188168e+00   4.5895294e-01
  -2.0477584e+00   2.3464632e+01   1.8722875e-01   1.0220693e+00   1.8122983e+00
  -1.9699120e+00   2.3316213e+01   1.5271095e+00   1.0276980e+00   3.4330880e-01
  -2.0131745e+00   2.3112330e+01   1.5151416e+00   1.0303654e+00   3.8694970e-01
  -1.9952402e+00   2.2845114e+01   1.5271085e+00   1.0550060e+00   4.1360835e-01
  -1.8372475e+00   2.2682576e+01   1.5099006e+00   1.0571575e+00   7.3574411e-01
  -1.8399117e+00   2.2492134e+01   1.4482231e+00   1.0677333e+00   8.6745138e-01
  -1.6956864e+00   2.2293849e+01   1.5051104e+00   1.0843794e+00   6.7014117e-01
  -1.6315757e+00   2.2098869e+01   1.4583876e-02   1.0947445e+00   1.8022403e+00
  -1.5814984e+00   2.1793837e+01   1.5380007e+00   1.1029951e+00   7.1895987e-01
  -1.5067393e+00   2.1783617e+01   1.5288047e+00   1.1063883e+00   5.1891119e-01
  -1.5229704e+00   2.1591164e+01   1.5326279e+00   1.1080784e+00   7.7824838e-01
  -1.4986005e+00   2.1365892e+01   2.0959481e-02   1.1216781e+00   1.4317280e+00
  -1.4315525e+00   2.1040184e+01   1.0911094e+00   1.1281296e+00   1.1418028e+00
  -1.4294538e+00   2.0759250e+01   1.0911094e+00   1.1281296e+00   1.1418028e+00
  -1.2500936e+00   2.0736773e+01   1.0297426e+00   1.1312111e+00   1.2102173e+00
  -1.0611480e+00   2.0458115e+01   1.0297426e+00   1.1312111e+00   1.2102173e+00
  -1.1128407e+00   2.0172173e+01   6.6573577e-01   1.1350031e+00   8.5815624e-01
  -8.7627230e-01   1.9930113e+01   7.4476202e-02   1.1374054e+00   1.7351068e+00
  -9.4945271e-01   1.9527844e+01   6.0907781e-02   1.1392221e+00   1.6340122e+00
  -7.3247423e-01   1.9300689e+01   5.3313245e-01   1.1579795e+00   4.7332781e-01
  -7.5222028e-01   1.8922845e+01   1.5052258e+00   1.1585282e+00   6.8672362e-01
  -5.8134291e-01   1.8692433e+01   3.4688496e-01   1.1725183e+00   1.0540462e+00
  -4.8733403e-01   1.8383541e+01   1.5242378e+00   1.1806800e+00   6.0921196e-01
  -4.7154469e-01   1.8236052e+01   2.0476676e-02   1.1807087e+00   1.9104964e+00
  -2.6360660e-01   1.7998601e+01   4.2076390e-01   1.1827260e+00   1.9138943e+00
  -2.9972619e-01   1.7596291e+01   4.2076390e-01   1.1827260e+00   1.9138943e+00
  -2.1842639e-01   1.7420320e+01   1.5220072e+00   1.1833091e+00   6.7723111e-01
  -1.5129061e-01   1.7266690e+01   1.5197789e+00   1.1945284e+00   7.3455265e-01
  -1.0463217e-01   1.6860011e+01   1.5334152e+00   1.2031681e+00   7.9647930e-01
   5.5279223e-02   1.6782135e+01   3.0751109e-01   1.2121106e+00   5.2974034e-01
   7.8723143e-02   1.6442056e+01   1.4959379e+00   1.2256578e+00   6.6726904e-01
   1.6774889e-01   1.6240589e+01   1.1896768e+00   1.2353090e+00   1.0548271e+00
   2.8848655e-01   1.6163626e+01   1.1297272e+00   1.2376849e+00   1.0594830e+00
   3.8708551e-01   1.5791319e+01   1.5023482e-02   1.2425096e+00   1.5797873e+00
   4.1093756e-01   1.5588639e+01   1.5313698e+00   1.2437882e+00   8.8868959e-01
   5.2842749e-01   1.5469343e+01   1.2234320e+00   1.2527051e+00   9.2238398e-01
   6.8891290e-01   1.5355427e+01   1.5213823e+00   1.2603025e+00   6.0513275e-01
   6.7461181e-01   1.5190677e+01   1.5365859e+00   1.2611727e+00   7.1683569e-01
   6.9494986e-01   1.4910860e+01   1.0242818e+00   1.2649467e+00   1.8744853e+00
   9.1862317e-01   1.4839715e+01   1.0242818e+00   1.2649467e+00   1.8744853e+00
   9.4563594e-01   1.4608478e+01   1.9438147e-01   1.2714844e+00   8.2346641e-01
   9.5739779e-01   1.4500418e+01   1.4866991e-02   1.2839932e+00   1.3332487e+00
   9.8668501e-01   1.4305141e+01   1.5051914e+00   1.2891658e+00   3.0922065e-01
   1.1653609e+00   1.4161915e+01   1.0786113e+00   1.3078830e+00   8.7313111e-01
   1.3126319e+00   1.3914006e+01   4.6228730e-01   1.3212682e+00   4.5882102e-01
   1.4691747e+00   1.3677388e+01   1.5021015e+00   1.3254319e+00   4.9628828e-01
   1.4723142e+00   1.3658343e+01   1.5090962e+00   1.3326322e+00   4.4555497e-01
   1.5401399e+00   1.3384846e+01   1.5053731e+00   1.3494034e+00   5.0155447e-01
   1.6310791e+00   1.3251787e+01   9.6471720e-03   1.3743514e+00   1.6195067e+00
   1.7322568e+00   1.3125938e+01   1.5125850e+00   1.4039349e+00   9.9498154e-01
   1.7531035e+00   1.3052690e+01   1.5052084e+00   1.4289191e+00   7.8623305e-01
   1.9187524e+00   1.2848265e+01   1.0250549e+00   1.4292127e+00   1.2641232e+00
   1.9612191e+00   1.2797706e+01   1.0250549e+00   1.4292127e+00   1.2641232e+00
   2.0619880e+00   1.2529477e+01   5.1351832e-01   1.5028990e+00   1.1846630e+00
   2.0129727e+00   1.2529510e+01   5.1351832e-01   1.5028990e+00   1.1846630e+00
   2.0708608e+00   1.2313913e+01   1.5051684e+00   1.5390385e+00   8.3666059e-01
   2.2273897e+00   1.2269154e+01   1.5240922e+00   1.5461714e+00   7.5853043e-01
   2.2737185e+00   1.2151507e+01   1.0578162e+00   1.5484145e+00   1.3691806e+00
   2.2304995e+00   1.1969238e+01   1.0578162e+00   1.5484145e+00   1.3691806e+00
   2.3874807e+00   1.1822909e+01   1.0578162e+00   1.5484145e+00   1.3691806e+00
   2.5009257e+00   1.1836621e+01   1.5697173e+00   1.5814735e+00   6.4504351e-01
   2.4750548e+00   1.1696911e+01   1.0989677e+00   1.5956063e+00   9.0118673e-01
   2.5110413e+00   1.1598300e+01   1.4346376e+00   1.6084319e+00   4.8921506e-01
   2.5810161e+00   1.1430011e+01   1.5075209e+00   1.6172662e+00   5.8649499e-01
   2.7077747e+00   1.1361181e+01   1.4732019e+00   1.6238673e+00   8.6825268e-01
   2.7993924e+00   1.1187610e+01   1.5487581e+00   1.6386314e+00   6.9516195e-01
   2.9480286e+00   1.1042028e+01   1.5263509e+00   1.6436540e+00   8.6750927e-01
   2.9176652e+00   1.1051974e+01   1.5230872e+00   1.6451324e+00   6.6770569e-01
   2.9165052e+00   1.0941688e+01   1.5246963e+00   1.6465357e+00   3.8731475e-01
   3.0144589e+00   1.0774418e+01   1.5547986e+00   1.6491882e+00   6.2313401e-01
   3.1659214e+00   1.0674364e+01   1.1270234e+00   1.6501028e+00   1.0277995e+00
   3.1736554e+00   1.0562124e+01   1.5051674e+00   1.6504279e+00   6.3043819e-01
   3.3163031e+00   1.0349227e+01   1.5051720e+00   1.6621986e+00   8.8880147e-01
   3.2466390e+00   1.0432117e+01   1.5534024e+00   1.6872475e+00   6.0953383e-01
   3.4379888e+00   1.0182310e+01   1.4274280e+00   1.7138815e+00   6.5492633e-01
   3.4231800e+00   1.0020709e+01   1.5124435e+00   1.7153374e+00   6.6987761e-01
   3.4290821e+00   9.9081504e+00   1.4788061e+00   1.7179978e+00   8.6623227e-01
   3.4727920e+00   9.7473587e+00   1.4334288e+00   1.7294529e+00   4.7413785e-01
   3.5052797e+00   9.6016480e+00   3.6183796e-01   1.7570165e+00   1.1928367e+00
   3.6398853e+00   9.4566693e+00   3.6183796e-01   1.7570165e+00   1.1928367e+00
   3.6745997e+00   9.3782274e+00   1.3870144e+00   1.7590934e+00   1.3017621e+00
   3.5217721e+00   9.2276395e+00   1.3870144e+00   1.7590934e+00   1.3017621e+00
   3.6813519e+00   9.1789937e+00   1.5271890e+00   1.7658152e+00   3.5676181e-01
   3.6982796e+00   9.1042111e+00   1.5375717e+00   1.7810462e+00   7.2270130e-01
   3.8554290e+00   8.9060040e+00   1.4943755e+00   1.7909169e+00   6.2538943e-01
   3.8100080e+00   8.8418625e+00   1.5247387e+00   1.7912021e+00   4.1925081e-01
   3.8513976e+00   8.9118024e+00   1.5602995e+00   1.7914858e+00   5.9351136e-01
