   5.0631893e-01   6.9604794e+00   3.5868510e-02   6.5441581e-01   6.6822217e-01
   5.0739394e-01   7.4866890e+00   3.5625882e-02   5.8650212e-01   6.0913640e-01
   5.0825846e-01   7.9260095e+00   9.1224705e-02   5.7568561e-01   5.2401363e-01
   5.0981029e-01   8.3831539e+00   3.3041640e-02   5.6687021e-01   5.9919459e-01
   5.1151492e-01   8.7145891e+00   3.1695005e-02   5.1316270e-01   5.9046181e-01
   5.1172997e-01   9.1571053e+00   3.1689224e-02   5.1040749e-01   5.8186520e-01
   5.1231517e-01   9.5718767e+00   2.7091862e-02   5.0909076e-01   4.9022292e-01
   5.1254180e-01   1.0068878e+01   1.9918000e-02   4.9840194e-01   4.5397319e-01
   5.1286267e-01   1.0553714e+01   2.6593738e-01   4.8595208e-01   7.2245320e-01
   5.1334882e-01   1.1080212e+01   1.5309921e-02   4.8555086e-01   4.4537509e-01
   5.1363447e-01   1.1565118e+01   2.5645080e-01   4.8431025e-01   7.1821628e-01
   5.1426229e-01   1.2062380e+01   1.2498564e-02   4.8307620e-01   4.4228082e-01
   5.1433406e-01   1.2621712e+01   2.2072009e-01   4.8205009e-01   6.6508146e-01
   5.1484009e-01   1.3069311e+01   1.1843177e-02   4.7996221e-01   4.0887798e-01
   5.1530357e-01   1.3513759e+01   6.7590719e-02   4.7046384e-01   4.5862440e-01
   5.1533544e-01   1.3948915e+01   1.1449175e-02   4.6766478e-01   3.9690214e-01
   5.1746328e-01   1.4850217e+01   6.3678917e-02   4.6444046e-01   4.1407502e-01
   5.1923341e-01   1.5427540e+01   1.9124744e-01   4.6216951e-01   6.3089522e-01
   5.1925793e-01   1.5951889e+01   1.8215753e-01   4.6010470e-01   6.2482303e-01
   5.1932465e-01   1.6341993e+01   9.2073860e-03   4.5998106e-01   3.8687070e-01
   5.1968638e-01   1.6802762e+01   1.5702866e+00   4.5490506e-01   1.0075856e+00
   5.2013379e-01   1.7192330e+01   1.5702866e+00   4.5490506e-01   1.0075856e+00
   5.2019585e-01   1.7709778e+01   1.5678834e+00   4.4881922e-01   9.6163725e-01
   5.2056234e-01   1.8134407e+01   1.5678834e+00   4.4881922e-01   9.6163725e-01
   5.2092861e-01   1.8666822e+01   8.6461160e-03   4.4200436e-01   3.8165855e-01
   5.2171374e-01   1.9037873e+01   1.7905872e-01   4.3836020e-01   5.9916811e-01
   5.2179191e-01   1.9166929e+01   2.1600000e-06   4.3565049e-01   3.7346418e-01
   5.2201548e-01   1.9690565e+01   4.2553954e-02   4.2736466e-01   3.2880039e-01
   5.2225366e-01   2.0273385e+01   1.5602430e+00   4.2655118e-01   9.1755601e-01
   5.2231620e-01   2.1129383e+01   1.5602430e+00   4.2655118e-01   9.1755601e-01
   5.2244344e-01   2.2527988e+01   1.4990801e-01   4.2506051e-01   5.1883214e-01
   5.2335712e-01   2.3261116e+01   3.9904643e-02   4.1678266e-01   3.2394740e-01
   5.2340675e-01   2.3809670e+01   1.3685810e-01   4.0936393e-01   4.9938315e-01
   5.2340941e-01   2.4395896e+01   1.5584292e+00   4.0508551e-01   8.9526858e-01
   5.2373617e-01   2.4731650e+01   1.5584292e+00   4.0508551e-01   8.9526858e-01
   5.2378019e-01   2.4872974e+01   1.5577064e+00   4.0314479e-01   8.9287269e-01
   5.2436489e-01   2.5144845e+01   1.5577064e+00   4.0314479e-01   8.9287269e-01
   5.2513009e-01   2.5609155e+01   1.5577064e+00   4.0314479e-01   8.9287269e-01
   6.1397908e-01   2.6526777e+01   1.5417635e+00   3.9386585e-01   8.6074072e-01
   6.3525061e-01   2.6951282e+01   1.5417635e+00   3.9386585e-01   8.6074072e-01
   6.7106434e-01   2.7971965e+01   1.5401610e+00   3.9160273e-01   8.6063303e-01
   6.7268222e-01   2.8023782e+01   1.5401610e+00   3.9160273e-01   8.6063303e-01
   6.8755834e-01   2.8894125e+01   1.5393539e+00   3.8271292e-01   8.1884404e-01
   6.9226554e-01   2.9595319e+01   1.5357653e+00   3.8113758e-01   7.9030642e-01
   7.1093906e-01   3.0461276e+01   1.5343270e+00   3.6687634e-01   7.2413047e-01
   7.2016252e-01   3.1293459e+01   1.5225196e+00   3.5916705e-01   6.8827125e-01
   7.2016252e-01   3.1934585e+01   1.5113698e+00   3.5187270e-01   6.1582314e-01
   7.2420746e-01   3.2304176e+01   1.5106784e+00   3.3943349e-01   6.1556604e-01
   7.2420746e-01   3.3041759e+01   1.5086578e+00   3.2567090e-01   5.8886094e-01
   7.2951493e-01   3.3801853e+01   1.5037719e+00   3.2411227e-01   5.6522796e-01
   7.3244438e-01   3.4410072e+01   1.4798529e+00   3.1923616e-01   5.5410936e-01
   7.3758607e-01   3.5176128e+01   1.4785156e+00   3.0877358e-01   5.4589075e-01
   7.9878845e-01   3.6020959e+01   1.4010798e+00   3.0503512e-01   4.8529344e-01
   7.2420746e-01   3.7041759e+01   5.3715592e-01   3.0322493e-01   4.6715364e-01
   7.2951493e-01   3.7801853e+01   3.6056248e-01   3.0231888e-01   4.5347222e-01
   7.3244438e-01   3.8410072e+01   2.9849967e-01   3.0220677e-01   4.1134864e-01
   7.3758607e-01   3.9176128e+01   2.8111335e-01   3.0194556e-01   3.9207879e-01
   7.9878845e-01   3.9602096e+01   2.7709911e-01   3.0099235e-01   3.4944281e-01
   7.1093906e-01   4.0461276e+01   2.6700000e-01   2.4243339e-01   3.3926020e-01
